11010100
10110110
00111001
11111100
10101011
00110111
11001001
01010000
11100100
10011000
11010001
00101100
10100011
01011010
01111101
10000110
00110011
00111110
01101110
00110111
10000110
00101000
11100111
01101010
10110110
00011101
11101010
00011111
11100101
10111101
01111111
01100100
00010110
10110100
01111101
11101011
11100011
01111010
10111100
00011100
10011111
11010001
01000101
10101101
10010101
11001011
11001011
10011111
01100101
00010011
01100011
01001000
00111010
11001010
11100011
10110000
10010000
01001010
11101110
11010001
00000000
01100100
01111000
01100010
11101110
11100010
01001011
11011100
11100101
10001010
01110001
01001111
00011000
11111100
00011001
11001110
00100011
11111011
11000111
10011100
01001010
11100101
01101111
00011001
10101010
10100100
11100011
01111000
11110000
00110000
10110100
01101111
11110011
00110010
01100000
00100000
01101010
00010010
00011100
01110110
10001011
11000110
01111100
01010010
10001001
10101111
11111101
01110010
01100110
11101010
11101110
01001001
00111111
00111100
10010101
10111101
01011001
01000100
01000001
10110100
10000101
01010011
11011110
01111011
00000001
11100100
00111111
00011001
01100111
10111001
11000011
01000110
01100010
11010110
00001110
00001011
11110101
00010011
11111010
00101010
01001111
11000000
10010011
10110111
11010010
01010001
10110100
01000100
11010011
01001000
10010011
11111100
00111111
11101110
00110100
10010001
00011011
11110110
10001011
11110011
10000101
10101101
00011101
11010000
11001000
01111100
00100111
10110100
10111111
01110010
01011101
00110111
00010011
01101111
11011100
11011001
00111101
11100110
11011001
01001001
10011111
10001011
00010001
11000110
00101111
01001000
01010001
10011100
10110110
11000110
00010111
00000110
10110111
10101110
01111010
10011101
00100000
01101110
10001110
10010101
10100000
01011110
11111101
11101001
00010111
01011010
00101100
00000011
11011011
10010100
11101000
01010001
01101100
01110110
11001001
01001111
00000100
11011000
11100101
10110011
10100110
10111001
01011000
00111011
00000110
01010011
10100000
01101111
10011001
10111001
01100101
00010001
00010110
11011101
00000110
00110100
11000001
01000001
00001000
01101111
10000101
11110001
01010110
11011000
10101110
00010001
01110111
10101111
10010011
10010011
10011010
10000100
00000000
01000001
10011110
10111100
01000001
00110011
00100110
01111010
01110000
11001110
10001001
10111100
10010010
11000000
00111111
00101010
11100110
10011111
11011011
00000010
10010100
00110010
01001000
11010000
01000000
11100110
10100001
00100001
11000100
11110101
00101000
10100100
00101100
01111101
10001100
10110001
01100010
11000001
00001100
11101111
11110101
01001101
00000110
10001101
11100000
10110000
01110111
10100110
11010000
00110111
10001000
11010111
01001101
11000011
10011100
01100101
10010000
01001001
01100110
11000011
11001101
01010100
10100101
11111000
11110111
00110011
11000011
10110110
10010010
10110110
01111110
01000010
01100111
10111100
01110011
11010101
10110101
01111101
10010101
01111001
00000000
01100011